384, 78, 894, 464, 681, 256, 729, 659, 393, 496
800, 329, 301, 979, 792, 537, 913, 279, 847, 276
33, 453, 892, 54, 921, 863, 400, 644, 923, 565
195, 656, 830, 701, 889, 923, 759, 635, 732, 395
761, 843, 417, 874, 954, 235, 31, 355, 980, 782
155, 437, 99, 273, 566, 366, 279, 683, 85, 351
306, 713, 776, 956, 38, 292, 536, 152, 55, 72
732, 83, 570, 113, 157, 605, 638, 633, 453, 480
863, 514, 864, 423, 866, 156, 665, 193, 508, 43
878, 813, 91, 235, 353, 593, 226, 52, 938, 803
724, 611, 599, 155, 797, 150, 31, 971, 776, 711
482, 921, 709, 296, 822, 599, 54, 134, 768, 82
335, 694, 124, 976, 6, 189, 554, 788, 106, 975
206, 165, 667, 44, 334, 272, 988, 487, 464, 995
489, 62, 21, 151, 261, 263, 362, 738, 262, 582
619, 859, 938, 141, 827, 507, 822, 112, 686, 152
479, 291, 236, 237, 448, 36, 945, 529, 919, 12
766, 923, 634, 754, 326, 670, 862, 272, 664, 921
890, 256, 311, 450, 111, 109, 977, 52, 990, 789
205, 690, 525, 323, 979, 111, 310, 567, 808, 622
138, 257, 419, 695, 632, 568, 176, 72, 706, 96
790, 359, 951, 665, 421, 731, 910, 620, 347, 757
754, 759, 103, 9, 80, 956, 732, 491, 775, 344
688, 381, 205, 107, 310, 534, 189, 110, 435, 700
437, 225, 124, 998, 801, 295, 446, 959, 257, 150
645, 110, 937, 372, 588, 489, 318, 907, 490, 748
645, 877, 53, 213, 615, 85, 555, 107, 194, 824
120, 433, 714, 455, 190, 753, 326, 395, 3, 861
890, 559, 562, 949, 457, 375, 571, 261, 541, 453
937, 673, 893, 456, 564, 316, 311, 761, 126, 474
950, 899, 141, 243, 378, 295, 617, 730, 317, 328
124, 411, 231, 323, 224, 380, 145, 368, 490, 467
269, 456, 560, 574, 405, 13, 125, 966, 783, 777
309, 597, 549, 363, 760, 872, 716, 560, 547, 704
761, 508, 121, 219, 583, 480, 541, 453, 439, 146
66, 697, 62, 138, 377, 658, 182, 692, 292, 107
624, 543, 551, 917, 212, 239, 735, 390, 999, 169
254, 979, 746, 96, 194, 290, 656, 184, 651, 276
602, 776, 165, 456, 626, 941, 527, 615, 34, 500
143, 564, 487, 115, 247, 398, 957, 545, 844, 668
842, 840, 490, 25, 798, 851, 75, 389, 729, 163
331, 48, 455, 863, 776, 597, 240, 951, 903, 326
427, 814, 543, 367, 535, 551, 84, 401, 925, 692
587, 914, 139, 533, 593, 778, 383, 2, 328, 856
265, 707, 818, 468, 823, 295, 254, 999, 579, 550
752, 350, 382, 101, 740, 746, 647, 366, 43, 273
614, 565, 506, 755, 856, 141, 512, 160, 714, 953
346, 207, 897, 427, 796, 999, 396, 187, 458, 572
890, 58, 471, 55, 247, 273, 413, 53, 548, 51
77, 85, 108, 54, 291, 918, 944, 555, 743, 25
825, 284, 249, 957, 542, 766, 515, 528, 260, 953
920, 983, 76, 421, 866, 72, 268, 721, 611, 646
506, 793, 328, 219, 855, 911, 339, 733, 342, 418
754, 901, 856, 862, 642, 34, 395, 479, 433, 473
850, 701, 984, 778, 654, 971, 148, 103, 233, 463
539, 596, 727, 891, 860, 68, 242, 230, 388, 654
947, 8, 314, 686, 976, 382, 529, 6, 272, 858
271, 136, 888, 877, 969, 838, 700, 967, 724, 88
404, 913, 157, 618, 517, 908, 937, 336, 1, 741
859, 862, 511, 543, 902, 148, 251, 630, 197, 770
827, 927, 96, 321, 507, 588, 222, 972, 45, 858
53, 622, 711, 348, 726, 356, 149, 194, 380, 292
401, 178, 437, 582, 410, 567, 260, 293, 347, 42
344, 408, 701, 228, 554, 845, 564, 189, 160, 601
448, 483, 923, 901, 274, 118, 482, 851, 484, 578
542, 452, 830, 477, 584, 96, 599, 803, 758, 303
252, 76, 615, 804, 744, 706, 263, 417, 91, 429
581, 869, 248, 438, 907, 720, 372, 192, 788, 536
46, 514, 518, 268, 822, 404, 571, 723, 428, 231
389, 291, 980, 252, 585, 968, 660, 185, 338, 339
546, 706, 308, 611, 860, 14, 699, 283, 105, 621
359, 686, 666, 827, 782, 951, 734, 642, 77, 129
15, 147, 721, 365, 529, 962, 97, 551, 850, 206
576, 844, 814, 871, 656, 330, 17, 20, 403, 963
562, 139, 615, 584, 365, 758, 34, 65, 835, 55
531, 42, 91, 683, 932, 274, 820, 686, 518, 154
728, 877, 977, 663, 624, 294, 618, 719, 37, 665
869, 411, 582, 339, 245, 63, 839, 679, 305, 725
918, 642, 931, 343, 680, 130, 985, 302, 705, 195
888, 225, 493, 94, 84, 572, 704, 776, 149, 768
789, 339, 41, 503, 641, 177, 249, 193, 144, 405
608, 875, 360, 956, 662, 102, 446, 82, 769, 647
184, 19, 452, 508, 209, 924, 412, 738, 939, 33
131, 563, 441, 581, 542, 439, 459, 435, 600, 922
359, 628, 544, 567, 221, 529, 877, 210, 720, 822
603, 60, 467, 203, 80, 831, 828, 7, 393, 970
676, 457, 749, 884, 394, 812, 665, 618, 574, 790
780, 20, 692, 531, 17, 97, 908, 457, 813, 632
918, 358, 900, 745, 322, 805, 941, 782, 279, 239
461, 659, 943, 793, 865, 205, 72, 517, 11, 413
589, 499, 566, 983, 520, 508, 880, 628, 539, 691
721, 923, 514, 297, 77, 181, 175, 190, 827, 708
965, 703, 962, 352, 444, 973, 948, 567, 139, 480
163, 925, 194, 94, 232, 454, 330, 689, 675, 992
424, 65, 556, 793, 547, 294, 635, 381, 441, 283
507, 885, 266, 725, 304, 302, 163, 722, 772, 525
218, 358, 635, 181, 141, 553, 51, 794, 466, 614
398, 527, 371, 357, 224, 747, 292, 305, 333, 226
306, 255, 454, 542, 136, 121, 570, 403, 499, 196
116, 363, 13, 514, 713, 404, 785, 942, 136, 783
549, 212, 107, 706, 422, 277, 512, 51, 973, 986
851, 735, 102, 93, 436, 980, 113, 528, 138, 839
206, 416, 29, 370, 601, 652, 642, 976, 892, 615
83, 761, 40, 808, 879, 870, 146, 27, 87, 523
433, 160, 114, 643, 155, 570, 14, 9, 952, 474
48, 766, 488, 28, 891, 987, 547, 869, 767, 854
137, 164, 607, 802, 413, 766, 681, 551, 172, 614
702, 368, 916, 635, 358, 454, 402, 797, 842, 435
481, 261, 352, 560, 919, 843, 439, 964, 778, 301
50, 921, 940, 151, 315, 382, 634, 135, 861, 871
210, 954, 205, 741, 298, 78, 125, 444, 595, 509
492, 669, 383, 583, 507, 399, 216, 533, 879, 214
164, 918, 691, 632, 982, 304, 566, 363, 505, 714
778, 847, 496, 728, 361, 774, 151, 975, 988, 282
309, 746, 433, 869, 485, 315, 157, 350, 595, 882
719, 608, 910, 880, 148, 582, 916, 849, 543, 327
117, 457, 758, 718, 109, 215, 402, 150, 51, 318
2, 196, 791, 597, 314, 523, 298, 755, 834, 435
551, 482, 734, 813, 28, 741, 264, 494, 833, 750
923, 365, 946, 871, 340, 552, 712, 922, 679, 707
272, 394, 674, 164, 483, 952, 981, 387, 7, 701
398, 571, 252, 961, 631, 820, 453, 884, 481, 105
789, 96, 574, 385, 532, 149, 47, 46, 311, 576
353, 729, 867, 417, 809, 567, 215, 85, 898, 156
554, 590, 925, 190, 446, 492, 964, 671, 993, 364
31, 691, 550, 278, 575, 560, 895, 420, 146, 431
950, 589, 489, 786, 657, 792, 54, 849, 496, 25
275, 906, 246, 194, 915, 417, 304, 924, 144, 437
474, 552, 457, 366, 338, 891, 804, 922, 447, 339
770, 491, 967, 958, 61, 976, 136, 324, 758, 771
725, 162, 445, 733, 986, 778, 720, 276, 167, 742
850, 130, 263, 232, 778, 957, 436, 574, 826, 507
914, 75, 401, 740, 150, 878, 470, 828, 641, 33
559, 718, 475, 923, 35, 39, 852, 329, 107, 365
45, 34, 668, 489, 214, 764, 353, 570, 334, 209
317, 978, 887, 89, 931, 437, 53, 364, 36, 627
469, 37, 290, 958, 72, 523, 809, 178, 874, 823
842, 599, 27, 393, 833, 391, 233, 980, 42, 575
155, 140, 103, 689, 219, 915, 179, 92, 525, 925
996, 438, 40, 126, 472, 524, 257, 94, 824, 545
764, 439, 413, 458, 585, 189, 483, 453, 929, 50
841, 958, 195, 929, 937, 866, 465, 236, 487, 263
347, 893, 797, 956, 587, 919, 666, 869, 523, 234
654, 770, 875, 442, 440, 916, 168, 370, 966, 860
82, 441, 512, 377, 540, 116, 879, 169, 961, 112
958, 879, 293, 663, 188, 730, 919, 503, 869, 199
486, 21, 580, 532, 366, 670, 569, 401, 918, 866
206, 638, 250, 571, 511, 700, 542, 790, 203, 102
441, 951, 419, 308, 547, 333, 800, 780, 982, 171
954, 636, 496, 657, 349, 701, 155, 937, 488, 470
483, 540, 414, 971, 839, 303, 98, 860, 336, 809
869, 872, 501, 219, 299, 207, 748, 770, 986, 112
603, 516, 340, 553, 853, 747, 203, 825, 129, 327
932, 384, 7, 184, 891, 791, 265, 203, 195, 492
771, 200, 603, 437, 125, 973, 247, 628, 220, 743
219, 202, 61, 594, 856, 95, 320, 513, 977, 842
237, 144, 361, 993, 828, 263, 899, 525, 284, 442
844, 552, 229, 576, 107, 772, 670, 79, 921, 647
546, 984, 5, 909, 376, 488, 598, 33, 413, 888
609, 392, 422, 868, 508, 718, 240, 922, 720, 72
564, 596, 951, 62, 282, 26, 517, 924, 818, 320
338, 100, 804, 949, 248, 120, 910, 774, 241, 812
491, 367, 664, 839, 922, 305, 351, 556, 394, 663
841, 211, 893, 101, 548, 740, 175, 848, 132, 656
534, 655, 143, 358, 300, 812, 604, 76, 414, 38
211, 80, 943, 304, 139, 286, 29, 643, 531, 985
672, 853, 311, 47, 745, 983, 995, 654, 950, 40
64, 17, 437, 170, 488, 250, 497, 401, 782, 402
993, 513, 468, 872, 541, 231, 11, 625, 256, 364
295, 648, 284, 687, 127, 97, 600, 874, 462, 281
376, 864, 385, 119, 893, 265, 424, 450, 217, 309
487, 362, 467, 57, 130, 152, 176, 399, 74, 570
723, 359, 592, 109, 761, 321, 308, 610, 334, 10
537, 590, 803, 134, 381, 53, 454, 281, 647, 113
52, 560, 235, 387, 50, 613, 534, 875, 644, 448
393, 783, 336, 515, 919, 967, 520, 99, 596, 922
623, 984, 230, 579, 998, 908, 42, 147, 128, 276
639, 447, 215, 321, 878, 300, 748, 695, 50, 841
470, 490, 125, 390, 308, 702, 977, 601, 167, 920
145, 369, 764, 979, 397, 556, 41, 649, 704, 712
34, 931, 176, 305, 661, 886, 643, 286, 497, 370
112, 99, 4, 220, 501, 518, 960, 732, 708, 294
911, 139, 677, 51, 653, 928, 111, 84, 283, 533
158, 813, 34, 651, 523, 627, 950, 820, 325, 259
152, 924, 528, 617, 732, 102, 247, 750, 577, 541
150, 101, 578, 920, 618, 795, 132, 591, 909, 198
945, 541, 775, 598, 615, 877, 576, 779, 757, 882
916, 855, 585, 495, 430, 976, 753, 98, 782, 548
974, 678, 546, 795, 421, 254, 928, 736, 121, 327
640, 596, 951, 600, 939, 768, 592, 458, 890, 814
198, 728, 664, 975, 971, 333, 320, 443, 663, 988
91, 338, 225, 290, 620, 511, 820, 182, 551, 172
188, 505, 380, 877, 521, 970, 118, 990, 872, 215
510, 473, 477, 333, 296, 852, 570, 112, 926, 362
551, 99, 967, 613, 374, 990, 434, 365, 879, 114
693, 312, 477, 438, 837, 99, 30, 167, 679, 392
274, 109, 423, 852, 76, 762, 247, 823, 107, 907
542, 511, 644, 12, 285, 733, 395, 842, 603, 458
896, 68, 234, 596, 407, 374, 39, 474, 468, 560
490, 131, 781, 433, 46, 531, 204, 971, 421, 820
708, 578, 140, 688, 467, 168, 406, 694, 78, 837
294, 599, 558, 394, 591, 951, 111, 230, 883, 490
245, 136, 286, 532, 580, 673, 724, 381, 407, 113
287, 149, 11, 567, 397, 93, 417, 523, 536, 969
695, 134, 115, 178, 959, 866, 410, 694, 368, 855
317, 876, 159, 93, 242, 740, 50, 287, 673, 600
900, 840, 604, 579, 377, 359, 124, 838, 986, 902
234, 982, 213, 811, 230, 78, 809, 57, 205, 91
183, 39, 549, 930, 88, 332, 921, 696, 489, 616
668, 184, 666, 320, 950, 340, 409, 737, 491, 54
493, 251, 952, 349, 833, 521, 72, 691, 81, 273
615, 542, 922, 502, 774, 780, 977, 762, 421, 50
497, 904, 741, 490, 996, 393, 165, 473, 759, 159
925, 220, 503, 583, 177, 617, 136, 600, 70, 715
932, 843, 963, 995, 559, 761, 256, 86, 693, 795
831, 925, 935, 436, 836, 326, 806, 694, 198, 837
236, 164, 231, 142, 430, 455, 406, 886, 70, 761
364, 924, 293, 585, 240, 155, 345, 336, 691, 702
185, 475, 741, 963, 700, 320, 759, 119, 907, 628
68, 647, 9, 825, 697, 552, 252, 621, 526, 515
46, 218, 468, 817, 509, 516, 133, 790, 819, 106
145, 447, 368, 236, 975, 531, 559, 765, 394, 459
973, 796, 51, 331, 255, 162, 133, 966, 65, 767
353, 597, 775, 702, 149, 402, 736, 570, 363, 651
120, 404, 514, 274, 131, 517, 537, 905, 193, 631
693, 89, 559, 27, 755, 382, 140, 62, 150, 562
57, 881, 148, 380, 213, 786, 125, 543, 411, 620
294, 895, 948, 764, 392, 26, 590, 704, 782, 363
999, 47, 755, 776, 381, 166, 915, 422, 661, 709
95, 835, 938, 73, 220, 527, 253, 160, 428, 2
911, 371, 218, 925, 418, 991, 254, 946, 213, 512
133, 332, 708, 558, 444, 459, 137, 622, 985, 923
507, 910, 348, 811, 907, 563, 909, 331, 486, 81
830, 129, 160, 175, 958, 81, 953, 522, 843, 910
362, 301, 320, 597, 242, 614, 585, 233, 608, 807
282, 384, 48, 850, 470, 240, 284, 51, 866, 940
891, 907, 815, 77, 206, 722, 218, 882, 445, 696
942, 805, 417, 559, 990, 44, 254, 619, 384, 264
427, 186, 788, 339, 218, 417, 127, 348, 511, 769
427, 684, 83, 575, 708, 569, 273, 46, 943, 387
647, 196, 820, 435, 303, 271, 658, 580, 951, 184
931, 38, 522, 30, 440, 456, 176, 905, 984, 684
634, 943, 585, 880, 88, 50, 496, 434, 952, 934
846, 668, 442, 853, 378, 477, 845, 656, 295, 879
393, 772, 627, 183, 91, 131, 291, 734, 880, 896
782, 112, 745, 819, 179, 361, 759, 129, 860, 981
193, 469, 263, 382, 389, 671, 432, 556, 582, 551
352, 275, 520, 458, 315, 624, 941, 12, 601, 163
937, 359, 20, 811, 351, 763, 837, 29, 578, 686
30, 435, 869, 580, 581, 820, 518, 70, 442, 914
59, 243, 423, 96, 854, 310, 80, 538, 857, 468
307, 620, 332, 505, 73, 443, 400, 841, 235, 525
618, 152, 541, 495, 792, 359, 450, 293, 941, 537
50, 623, 574, 742, 243, 343, 79, 727, 214, 186
614, 591, 899, 3, 879, 54, 930, 999, 863, 388
916, 810, 317, 980, 380, 998, 595, 194, 823, 648
727, 672, 191, 998, 258, 270, 662, 770, 990, 361
610, 725, 932, 473, 525, 521, 194, 311, 743, 12
962, 806, 770, 812, 436, 145, 317, 795, 687, 31
120, 491, 70, 937, 502, 961, 332, 745, 772, 783
952, 582, 311, 253, 932, 622, 77, 900, 682, 775
802, 177, 427, 135, 822, 748, 434, 236, 420, 580
767, 673, 649, 522, 627, 131, 941, 662, 829, 903
173, 176, 373, 891, 715, 661, 314, 188, 624, 808
818, 399, 879, 970, 656, 755, 208, 961, 982, 155
86, 704, 164, 722, 764, 982, 613, 916, 347, 829
279, 375, 549, 452, 225, 49, 639, 658, 714, 192
853, 20, 895, 28, 651, 199, 228, 935, 616, 246
51, 557, 422, 12, 432, 775, 265, 596, 40, 50
414, 995, 598, 499, 564, 218, 459, 393, 633, 311
794, 898, 169, 211, 166, 982, 821, 223, 784, 33
203, 721, 463, 953, 64, 559, 453, 292, 415, 265
443, 279, 662, 418, 940, 806, 941, 974, 233, 218
243, 712, 433, 946, 369, 981, 919, 640, 693, 133
843, 72, 697, 259, 526, 689, 737, 300, 145, 480
775, 778, 402, 183, 304, 513, 147, 136, 629, 687
716, 729, 409, 474, 419, 510, 843, 672, 266, 622
531, 41, 814, 713, 647, 837, 335, 103, 796, 646
237, 114, 472, 75, 914, 876, 759, 339, 302, 41
394, 468, 533, 604, 483, 67, 688, 132, 415, 196
526, 633, 285, 745, 657, 647, 70, 113, 366, 243
501, 894, 344, 546, 561, 116, 968, 157, 651, 371
878, 921, 731, 892, 20, 131, 1, 153, 558, 502
26, 547, 107, 363, 429, 153, 227, 368, 322, 677
607, 413, 615, 703, 937, 330, 147, 251, 879, 598
640, 719, 53, 732, 601, 758, 797, 232, 451, 194
53, 978, 492, 682, 75, 206, 379, 551, 376, 459
15, 908, 334, 902, 531, 254, 992, 191, 451, 340
792, 137, 854, 663, 975, 712, 42, 971, 123, 215
828, 46, 741, 425, 320, 526, 792, 958, 418, 619
184, 566, 260, 175, 109, 969, 460, 486, 605, 83
49, 96, 540, 339, 995, 233, 527, 76, 229, 716
999, 471, 862, 727, 756, 522, 785, 712, 711, 6
963, 743, 979, 609, 470, 847, 935, 631, 853, 868
330, 601, 339, 773, 860, 567, 344, 787, 634, 231
547, 993, 528, 558, 157, 761, 495, 90, 159, 616
706, 555, 553, 498, 168, 263, 661, 708, 961, 292
6, 520, 299, 403, 66, 861, 883, 254, 27, 994
137, 991, 665, 169, 756, 383, 163, 591, 895, 730
205, 777, 714, 142, 725, 989, 504, 743, 308, 902
490, 116, 551, 698, 27, 583, 733, 94, 97, 566
565, 528, 935, 915, 524, 99, 515, 318, 75, 58
291, 699, 567, 615, 530, 805, 175, 56, 71, 830
541, 822, 832, 889, 507, 985, 614, 769, 563, 588
243, 916, 840, 963, 722, 851, 30, 994, 401, 412
25, 476, 513, 617, 595, 574, 558, 543, 394, 6
613, 94, 790, 743, 301, 466, 448, 917, 179, 350
733, 233, 121, 314, 19, 389, 335, 790, 837, 758
370, 741, 125, 982, 23, 860, 131, 801, 172, 40
689, 202, 409, 792, 622, 761, 568, 315, 702, 205
159, 406, 832, 576, 84, 207, 966, 751, 880, 732
592, 671, 275, 224, 486, 8, 128, 878, 248, 90
385, 256, 918, 950, 983, 818, 844, 612, 631, 613
65, 568, 158, 712, 471, 763, 627, 972, 278, 526
137, 283, 869, 416, 682, 872, 424, 331, 533, 318
575, 645, 75, 457, 797, 361, 212, 380, 189, 44
401, 703, 702, 789, 604, 828, 349, 56, 51, 224
771, 160, 476, 936, 421, 556, 618, 919, 29, 581
696, 395, 387, 42, 590, 311, 410, 956, 194, 822
125, 553, 377, 831, 216, 647, 794, 444, 783, 490
910, 591, 161, 233, 865, 391, 630, 954, 783, 551
882, 628, 775, 273, 418, 866, 921, 815, 163, 687
406, 4, 969, 635, 391, 139, 354, 747, 347, 777
786, 564, 842, 883, 959, 844, 145, 271, 638, 523
923, 235, 740, 419, 140, 422, 208, 835, 711, 446
727, 276, 806, 434, 787, 105, 19, 143, 442, 298
858, 984, 52, 144, 122, 837, 3, 495, 998, 643
444, 5, 199, 409, 658, 421, 644, 4, 110, 840
690, 130, 390, 402, 21, 633, 139, 780, 405, 917
231, 809, 168, 335, 679, 276, 452, 724, 427, 884
322, 890, 716, 11, 493, 475, 364, 588, 538, 818
407, 888, 177, 670, 576, 503, 698, 140, 632, 246
498, 350, 866, 731, 518, 794, 463, 218, 478, 948
73, 452, 547, 507, 886, 920, 331, 429, 596, 207
489, 628, 828, 680, 515, 449, 946, 595, 365, 385
331, 956, 738, 972, 560, 259, 425, 253, 534, 883
522, 520, 841, 521, 61, 913, 954, 632, 491, 523
859, 683, 693, 999, 72, 321, 329, 443, 946, 211
790, 626, 427, 180, 510, 953, 810, 119, 27, 198
257, 415, 256, 910, 684, 750, 290, 453, 410, 600
700, 364, 844, 744, 961, 539, 654, 812, 342, 373
196, 528, 470, 171, 585, 601, 221, 624, 897, 630
139, 224, 389, 124, 295, 394, 830, 848, 485, 990
593, 716, 912, 919, 800, 234, 941, 443, 119, 106
173, 28, 745, 25, 998, 105, 504, 913, 395, 247
640, 989, 843, 284, 963, 197, 10, 785, 809, 628
589, 353, 599, 117, 921, 390, 950, 969, 202, 12
955, 950, 400, 161, 642, 157, 636, 119, 341, 918
302, 769, 384, 767, 949, 502, 693, 683, 421, 871
980, 110, 400, 317, 553, 427, 992, 651, 971, 187
54, 91, 770, 733, 203, 550, 892, 501, 300, 435
769, 855, 626, 175, 655, 206, 979, 335, 193, 477
542, 652, 432, 284, 363, 953, 307, 960, 599, 634
193, 138, 204, 630, 852, 934, 690, 873, 349, 234
79, 914, 518, 669, 264, 3, 328, 145, 569, 278
14, 163, 316, 627, 565, 171, 925, 827, 92, 807
678, 622, 980, 920, 286, 993, 301, 894, 34, 720
629, 619, 126, 787, 574, 415, 291, 320, 448, 327
989, 265, 144, 100, 242, 45, 564, 357, 421, 688
319, 724, 452, 969, 569, 285, 609, 159, 164, 770
945, 923, 833, 867, 671, 16, 317, 991, 851, 608
649, 511, 779, 359, 844, 480, 236, 9, 6, 850
828, 648, 688, 534, 711, 166, 622, 944, 149, 608
496, 908, 700, 829, 25, 695, 934, 807, 134, 259
665, 291, 777, 693, 126, 827, 652, 714, 467, 481
179, 884, 700, 215, 26, 409, 460, 57, 494, 322
557, 137, 954, 870, 979, 526, 544, 733, 912, 250
151, 750, 574, 940, 4, 990, 89, 653, 485, 593
739, 133, 808, 946, 765, 767, 334, 35, 713, 94
960, 597, 126, 723, 161, 529, 988, 409, 890, 168
443, 455, 734, 369, 197, 242, 659, 403, 14, 374
459, 430, 230, 891, 187, 213, 816, 953, 602, 8
67, 691, 810, 237, 740, 917, 771, 895, 435, 331
946, 117, 749, 591, 676, 160, 598, 368, 756, 326
67, 261, 626, 732, 499, 985, 592, 711, 762, 406
913, 116, 732, 398, 95, 118, 857, 551, 612, 901
720, 755, 433, 107, 324, 84, 38, 41, 552, 688
907, 197, 362, 428, 729, 696, 302, 573, 273, 642
923, 859, 636, 463, 664, 794, 381, 61, 509, 277
451, 149, 120, 853, 67, 296, 798, 365, 691, 479
235, 267, 385, 442, 820, 609, 603, 560, 952, 360
288, 984, 645, 6, 395, 779, 118, 154, 512, 102
592, 648, 683, 62, 891, 31, 768, 350, 602, 224
988, 474, 626, 165, 824, 727, 936, 96, 751, 34
123, 95, 97, 179, 757, 640, 834, 14, 116, 975
485, 255, 774, 268, 772, 326, 902, 148, 50, 556
166, 518, 544, 98, 54, 537, 555, 428, 190, 380
655, 353, 469, 896, 223, 640, 455, 467, 131, 147
662, 420, 552, 461, 944, 567, 569, 496, 537, 854
468, 636, 804, 254, 809, 458, 902, 862, 55, 822
610, 660, 928, 215, 231, 562, 171, 352, 567, 991
949, 137, 397, 288, 570, 220, 656, 985, 969, 713
742, 192, 410, 383, 561, 790, 598, 351, 296, 504
936, 12, 45, 399, 832, 930, 953, 440, 396, 325
937, 962, 32, 597, 144, 182, 213, 911, 511, 731
751, 584, 25, 186, 758, 756, 284, 376, 533, 18
699, 748, 164, 915, 18, 950, 515, 960, 320, 731
984, 850, 209, 404, 600, 623, 242, 597, 724, 719
900, 94, 865, 518, 746, 510, 151, 797, 572, 478
811, 536, 329, 941, 576, 205, 907, 540, 68, 61
400, 605, 242, 827, 95, 403, 187, 469, 240, 626
561, 779, 89, 493, 450, 97, 884, 984, 240, 438
141, 455, 94, 918, 551, 191, 980, 924, 271, 537
613, 214, 842, 164, 493, 74, 281, 682, 454, 681
417, 500, 347, 291, 516, 306, 782, 504, 389, 216
369, 307, 868, 349, 111, 932, 109, 268, 663, 479
875, 265, 564, 956, 143, 130, 495, 889, 8, 656
86, 55, 511, 9, 803, 656, 484, 913, 541, 729
834, 896, 566, 939, 850, 586, 397, 163, 561, 282
26, 373, 799, 747, 457, 608, 81, 36, 164, 583
549, 727, 769, 460, 961, 35, 72, 566, 920, 583
520, 491, 547, 890, 136, 719, 814, 764, 320, 756
524, 119, 139, 9, 929, 657, 978, 777, 386, 974
792, 684, 245, 644, 206, 357, 318, 176, 369, 885
179, 458, 835, 256, 417, 745, 957, 705, 122, 284
750, 113, 816, 309, 299, 307, 936, 570, 575, 886
732, 245, 401, 914, 242, 46, 690, 969, 146, 468
586, 492, 422, 337, 544, 733, 41, 240, 641, 331
541, 999, 251, 844, 53, 753, 3, 464, 323, 791
474, 131, 57, 365, 552, 651, 785, 438, 251, 722
999, 449, 951, 53, 976, 572, 428, 250, 503, 307
953, 33, 507, 420, 304, 169, 278, 24, 270, 216
794, 247, 310, 565, 400, 941, 75, 797, 865, 758
528, 46, 420, 186, 197, 476, 553, 593, 244, 675
64, 14, 393, 299, 551, 562, 889, 158, 124, 219
981, 322, 237, 726, 148, 432, 59, 959, 369, 293
996, 558, 452, 123, 490, 897, 665, 207, 268, 68
373, 649, 645, 435, 87, 518, 93, 284, 987, 523
816, 153, 984, 586, 623, 693, 293, 700, 123, 98
526, 101, 533, 340, 509, 975, 506, 753, 270, 468
23, 423, 151, 104, 40, 67, 898, 708, 394, 766
87, 420, 312, 878, 164, 850, 111, 372, 872, 188
181, 433, 293, 39, 970, 217, 839, 27, 768, 618
808, 959, 568, 201, 579, 80, 520, 200, 288, 716
74, 195, 96, 156, 126, 535, 558, 618, 795, 475
954, 574, 185, 386, 905, 21, 743, 522, 491, 844
74, 851, 968, 955, 788, 775, 270, 486, 754, 268
167, 406, 177, 251, 973, 705, 573, 604, 832, 711
157, 727, 848, 922, 332, 509, 741, 470, 353, 378
645, 912, 270, 837, 930, 230, 752, 785, 832, 549
201, 576, 312, 695, 172, 345, 853, 58, 161, 475
814, 550, 516, 97, 819, 316, 959, 752, 400, 251
784, 424, 423, 932, 132, 319, 242, 295, 92, 511
764, 162, 607, 29, 550, 888, 778, 744, 52, 65
865, 198, 978, 110, 793, 139, 368, 974, 640, 685
552, 985, 511, 568, 172, 392, 935, 63, 202, 478
618, 90, 619, 510, 512, 620, 516, 940, 611, 919
785, 281, 211, 120, 302, 269, 926, 629, 118, 856
881, 564, 626, 177, 969, 223, 555, 835, 834, 95
641, 971, 24, 154, 176, 259, 301, 870, 184, 544
438, 536, 802, 650, 824, 512, 965, 379, 943, 636
805, 464, 52, 451, 48, 520, 407, 754, 850, 448
181, 691, 923, 135, 246, 627, 171, 96, 101, 42
264, 458, 285, 441, 765, 56, 369, 872, 113, 157
484, 162, 415, 171, 527, 194, 693, 593, 376, 424
891, 893, 558, 648, 819, 690, 45, 712, 495, 507
631, 474, 712, 249, 267, 750, 844, 832, 120, 68
259, 556, 390, 55, 208, 661, 54, 753, 32, 519
640, 3, 405, 793, 107, 195, 473, 414, 844, 235
243, 562, 263, 358, 459, 94, 488, 927, 466, 606
877, 413, 683, 36, 324, 916, 42, 327, 686, 72
403, 804, 395, 612, 101, 962, 775, 955, 884, 375
974, 845, 857, 55, 423, 318, 297, 364, 433, 235
108, 877, 873, 68, 910, 419, 87, 958, 919, 482
333, 104, 536, 219, 583, 440, 787, 103, 113, 409
429, 413, 472, 876, 130, 246, 708, 646, 959, 633
393, 371, 957, 966, 494, 328, 904, 267, 925, 91
411, 354, 620, 52, 719, 175, 941, 390, 185, 410
347, 558, 68, 576, 312, 813, 668, 561, 493, 742
15, 436, 512, 1, 224, 541, 63, 456, 159, 478
769, 668, 505, 693, 707, 322, 877, 406, 386, 167
746, 427, 928, 653, 696, 802, 60, 398, 737, 431
479, 595, 809, 900, 292, 907, 735, 43, 579, 45
883, 814, 546, 207, 269, 253, 922, 173, 851, 550
867, 380, 11, 807, 514, 803, 976, 678, 826, 911
315, 161, 640, 470, 192, 997, 897, 335, 458, 169
248, 65, 275, 582, 3, 995, 599, 61, 25, 348
212, 300, 338, 585, 550, 840, 709, 126, 306, 261
953, 438, 425, 548, 214, 935, 104, 107, 985, 646
284, 501, 195, 239, 137, 661, 846, 274, 524, 106
265, 834, 910, 641, 764, 718, 650, 931, 789, 370
920, 910, 832, 272, 628, 43, 356, 607, 888, 719
127, 463, 866, 736, 86, 316, 258, 616, 22, 664
11, 950, 528, 379, 609, 521, 143, 133, 241, 634
28, 560, 389, 625, 341, 836, 827, 96, 999, 173
148, 312, 527, 741, 354, 202, 373, 311, 906, 314
465, 116, 269, 132, 838, 856, 373, 696, 432, 471
931, 589, 864, 617, 990, 709, 165, 852, 869, 979
367, 747, 795, 883, 249, 358, 101, 330, 791, 947
116, 3, 509, 943, 940, 385, 902, 758, 21, 6
9, 756, 122, 455, 290, 962, 209, 672, 735, 831
165, 183, 330, 150, 263, 52, 812, 964, 692, 332
792, 24, 280, 786, 983, 866, 234, 924, 713, 675
85, 620, 954, 999, 848, 128, 192, 637, 699, 855
695, 171, 685, 742, 733, 848, 981, 179, 26, 217
668, 190, 106, 219, 410, 853, 230, 128, 806, 606
55, 307, 284, 879, 273, 332, 791, 412, 152, 814
347, 434, 906, 611, 44, 679, 856, 214, 827, 522
203, 943, 613, 869, 67, 824, 602, 995, 17, 715
593, 533, 565, 740, 258, 131, 690, 857, 454, 778
661, 349, 322, 673, 321, 620, 830, 776, 4, 312
464, 880, 296, 164, 575, 314, 957, 584, 243, 807
631, 902, 509, 875, 97, 835, 160, 382, 378, 695
869, 34, 413, 91, 122, 358, 422, 152, 888, 656
979, 259, 213, 60, 270, 388, 79, 9, 887, 158
425, 449, 608, 975, 216, 859, 831, 966, 93, 251
107, 427, 613, 573, 760, 969, 178, 473, 70, 405
533, 551, 512, 789, 596, 554, 549, 805, 938, 350
534, 177, 974, 289, 863, 2, 672, 935, 332, 676
884, 494, 582, 800, 948, 406, 809, 194, 724, 917
849, 686, 298, 676, 33, 75, 540, 934, 760, 955
342, 749, 552, 594, 705, 645, 693, 536, 972, 203
953, 550, 104, 199, 906, 524, 19, 929, 806, 334
10, 33, 626, 318, 847, 937, 929, 572, 565, 97
751, 683, 590, 138, 277, 489, 913, 407, 467, 112
204, 72, 322, 23, 95, 115, 606, 415, 191, 238
417, 311, 141, 95, 54, 484, 227, 819, 778, 698
40, 138, 373, 202, 124, 718, 573, 309, 150, 272
87, 883, 967, 903, 554, 524, 653, 635, 634, 289
732, 570, 378, 749, 353, 771, 229, 883, 815, 308
328, 323, 952, 207, 714, 159, 435, 392, 297, 667
368, 75, 312, 391, 411, 94, 738, 149, 140, 798
415, 582, 82, 425, 25, 935, 757, 930, 97, 309
815, 676, 855, 451, 234, 569, 381, 651, 149, 306
389, 574, 872, 668, 851, 839, 64, 879, 463, 416
228, 485, 547, 115, 858, 184, 627, 246, 160, 853
792, 886, 482, 916, 449, 891, 779, 52, 149, 772
799, 247, 454, 39, 965, 348, 243, 393, 455, 200
545, 660, 614, 837, 109, 623, 723, 45, 125, 859
423, 89, 424, 393, 84, 468, 612, 694, 921, 442
674, 44, 269, 858, 79, 473, 534, 102, 281, 726
622, 187, 311, 874, 649, 628, 312, 886, 730, 540
513, 886, 657, 952, 424, 100, 147, 129, 503, 642
741, 37, 292, 384, 748, 737, 63, 842, 606, 125
681, 935, 384, 838, 338, 417, 249, 915, 606, 801
563, 129, 221, 556, 403, 7, 895, 95, 438, 483
976, 756, 503, 183, 704, 171, 33, 70, 979, 917
970, 631, 304, 653, 695, 288, 499, 214, 73, 213
864, 520, 992, 901, 560, 34, 234, 751, 775, 521
242, 404, 260, 775, 498, 7, 723, 223, 356, 776
961, 849, 395, 124, 714, 574, 362, 226, 218, 53
428, 242, 73, 46, 399, 740, 491, 152, 177, 447
147, 801, 870, 497, 506, 939, 586, 26, 701, 310
83, 721, 237, 956, 297, 893, 122, 250, 350, 635
639, 334, 934, 499, 807, 48, 478, 156, 495, 979
184, 220, 929, 946, 92, 872, 652, 20, 965, 81
317, 555, 125, 190, 498, 388, 424, 54, 800, 545
71, 782, 190, 933, 107, 747, 496, 900, 433, 839
783, 771, 295, 807, 697, 397, 155, 467, 575, 290
750, 298, 729, 315, 710, 239, 227, 145, 739, 386
842, 106, 483, 766, 261, 885, 172, 459, 60, 737
576, 532, 536, 556, 809, 124, 66, 862, 24, 621
71, 89, 780, 807, 447, 354, 985, 696, 70, 969
460, 490, 949, 409, 864, 114, 602, 768, 199, 653
148, 541, 280, 214, 845, 814, 978, 483, 584, 935
78, 342, 959, 49, 830, 991, 782, 38, 59, 309
646, 780, 491, 857, 581, 486, 515, 283, 723, 776
55, 517, 308, 916, 656, 668, 82, 909, 586, 302
369, 266, 802, 126, 936, 373, 616, 112, 248, 743
346, 225, 962, 614, 753, 92, 341, 21, 323, 846
344, 990, 367, 757, 559, 240, 434, 268, 326, 313
699, 163, 687, 738, 244, 795, 807, 532, 67, 619
139, 109, 421, 67, 545, 234, 737, 883, 568, 262
777, 281, 633, 861, 912, 465, 332, 988, 489, 521
792, 265, 974, 434, 984, 544, 20, 154, 923, 140
546, 853, 267, 722, 425, 463, 475, 300, 616, 288
685, 314, 55, 131, 605, 395, 777, 85, 190, 770
68, 626, 172, 234, 94, 224, 447, 759, 530, 47
302, 264, 567, 627, 131, 823, 334, 767, 343, 540
226, 285, 911, 817, 631, 379, 558, 651, 67, 804
365, 885, 368, 470, 559, 994, 572, 557, 796, 975
950, 865, 50, 955, 121, 750, 469, 757, 302, 393
757, 314, 809, 159, 907, 957, 217, 931, 141, 278
555, 327, 136, 359, 617, 251, 483, 565, 620, 8
149, 955, 959, 404, 522, 731, 919, 13, 866, 253
826, 42, 901, 421, 682, 738, 146, 593, 201, 624
891, 758, 359, 2, 419, 497, 777, 325, 684, 176
429, 186, 700, 620, 480, 817, 487, 983, 375, 297
860, 766, 502, 77, 105, 930, 886, 705, 673, 39
171, 719, 360, 261, 911, 716, 335, 865, 190, 820
31, 99, 852, 689, 767, 712, 718, 298, 634, 948
433, 651, 881, 685, 744, 133, 60, 373, 145, 981
638, 227, 568, 374, 812, 5, 491, 45, 379, 721
726, 391, 850, 546, 338, 217, 144, 121, 840, 464
798, 832, 149, 763, 750, 260, 310, 672, 653, 769
736, 110, 915, 507, 457, 7, 610, 944, 211, 323
271, 937, 162, 931, 639, 169, 980, 969, 728, 465
998, 173, 854, 84, 151, 847, 816, 855, 791, 214
603, 374, 26, 586, 272, 948, 44, 220, 451, 598
478, 949, 403, 577, 472, 593, 50, 293, 524, 256
676, 909, 770, 721, 409, 918, 848, 991, 113, 474
38, 429, 181, 128, 419, 489, 245, 632, 312, 331
893, 536, 146, 917, 370, 717, 175, 935, 748, 183
668, 98, 796, 288, 172, 943, 844, 535, 625, 327
2, 82, 676, 235, 81, 671, 723, 85, 217, 312
641, 443, 279, 941, 530, 870, 459, 161, 888, 140
451, 438, 500, 381, 718, 952, 589, 234, 834, 306
390, 197, 48, 825, 433, 66, 12, 614, 549, 150
652, 4, 558, 451, 235, 297, 165, 247, 813, 534
294, 975, 260, 964, 886, 271, 732, 501, 232, 550
442, 578, 854, 217, 677, 488, 276, 179, 558, 984
862, 589, 561, 766, 764, 96, 460, 353, 80, 741
789, 810, 366, 635, 732, 993, 99, 351, 798, 550
69, 772, 500, 890, 330, 909, 78, 413, 423, 347
789, 265, 975, 711, 925, 89, 928, 888, 823, 258
996, 7, 924, 477, 940, 494, 556, 681, 793, 134
592, 227, 630, 162, 742, 431, 169, 294, 396, 721
201, 485, 873, 16, 70, 932, 50, 64, 365, 829
712, 293, 310, 350, 976, 551, 219, 816, 427, 723
806, 946, 304, 881, 571, 86, 944, 886, 988, 29
589, 608, 778, 51, 354, 923, 439, 921, 849, 870
963, 535, 166, 699, 343, 796, 172, 215, 765, 288
621, 942, 830, 279, 583, 109, 661, 274, 7, 719
157, 784, 332, 520, 295, 499, 164, 758, 779, 303
937, 650, 791, 358, 575, 767, 854, 970, 274, 108
237, 128, 773, 378, 467, 677, 108, 591, 512, 287
442, 927, 218, 512, 735, 206, 973, 592, 100, 108
18, 445, 891, 565, 618, 85, 54, 970, 821, 658
887, 950, 318, 889, 35, 580, 945, 382, 664, 938
283, 939, 707, 157, 793, 632, 970, 770, 447, 422
578, 533, 45, 916, 247, 752, 205, 740, 789, 570
711, 644, 602, 923, 648, 432, 466, 271, 198, 112
381, 265, 121, 929, 732, 416, 969, 943, 654, 855
813, 486, 34, 625, 80, 32, 123, 162, 967, 888
934, 659, 375, 525, 15, 863, 945, 455, 193, 944
32, 941, 280, 791, 817, 553, 336, 607, 542, 583
298, 510, 890, 65, 130, 320, 231, 620, 992, 977
348, 215, 271, 732, 238, 823, 366, 59, 651, 945
510, 711, 83, 194, 5, 915, 238, 50, 333, 560
602, 241, 933, 245, 201, 364, 854, 345, 276, 354
465, 200, 6, 661, 460, 802, 387, 664, 832, 59
98, 7, 934, 25, 485, 991, 66, 783, 710, 998
542, 363, 535, 872, 752, 385, 141, 315, 994, 549
417, 121, 320, 152, 110, 552, 148, 719, 799, 51
660, 131, 537, 308, 407, 925, 708, 218, 972, 625
395, 66, 682, 891, 93, 716, 343, 854, 489, 189
46, 869, 685, 472, 457, 38, 112, 798, 406, 697
448, 916, 211, 252, 26, 831, 405, 311, 91, 326
422, 491, 780, 990, 441, 993, 33, 524, 583, 363
483, 703, 732, 124, 473, 119, 892, 686, 882, 4
355, 240, 444, 720, 768, 702, 542, 382, 139, 367
231, 622, 297, 544, 414, 962, 618, 489, 263, 421
123, 406, 761, 801, 697, 602, 556, 63, 465, 378
699, 530, 341, 987, 709, 25, 993, 249, 875, 848
482, 256, 280, 570, 542, 601, 860, 60, 736, 595
99, 52, 834, 392, 204, 894, 19, 774, 164, 676
241, 45, 257, 704, 178, 902, 338, 822, 369, 147
662, 295, 855, 873, 574, 231, 655, 520, 928, 656
693, 599, 319, 661, 242, 495, 154, 691, 411, 845
366, 511, 906, 552, 446, 673, 479, 859, 420, 310
96, 673, 546, 863, 240, 958, 638, 256, 662, 195
931, 176, 429, 141, 62, 15, 903, 145, 899, 416
258, 954, 415, 412, 221, 236, 52, 334, 173, 597
129, 399, 771, 141, 89, 365, 25, 427, 987, 707
787, 128, 681, 654, 595, 104, 282, 803, 56, 476
826, 144, 981, 161, 825, 463, 647, 159, 186, 78
841, 220, 998, 889, 277, 272, 180, 978, 263, 192
745, 16, 870, 14, 613, 99, 635, 4, 599, 53
691, 980, 395, 558, 511, 572, 812, 602, 466, 870
217, 708, 753, 807, 258, 105, 645, 791, 894, 536
717, 339, 202, 592, 995, 416, 936, 949, 431, 660
40, 177, 112, 579, 453, 23, 374, 720, 608, 2
73, 829, 641, 772, 260, 429, 443, 234, 271, 511
766, 934, 211, 688, 37, 816, 601, 608, 386, 25
183, 684, 691, 527, 896, 833, 801, 632, 718, 178
990, 941, 272, 265, 983, 639, 637, 220, 271, 179
953, 900, 220, 750, 193, 178, 46, 986, 618, 949
16, 42, 136, 39, 8, 464, 973, 889, 383, 847
424, 877, 272, 481, 785, 609, 79, 537, 138, 754
507, 765, 290, 40, 392, 710, 116, 708, 25, 809
874, 974, 371, 924, 283, 164, 794, 19, 728, 469
117, 900, 991, 258, 892, 861, 332, 42, 231, 338
82, 369, 729, 267, 752, 589, 310, 604, 593, 28
239, 423, 636, 281, 728, 441, 395, 989, 179, 887
719, 686, 573, 219, 525, 243, 495, 898, 931, 546
857, 312, 233, 411, 46, 367, 674, 353, 152, 308
667, 325, 773, 620, 641, 758, 1, 345, 824, 505
277, 771, 221, 902, 972, 883, 49, 167, 889, 103
383, 981, 267, 520, 297, 846, 32, 887, 44, 849
721, 848, 565, 729, 400, 383, 125, 963, 206, 413
623, 749, 110, 937, 190, 625, 362, 705, 343, 713
171, 72, 823, 721, 733, 400, 89, 956, 101, 634
754, 39, 387, 131, 323, 560, 408, 632, 488, 543
535, 450, 69, 64, 502, 777, 610, 30, 866, 838
459, 879, 891, 848, 851, 685, 615, 816, 362, 188
779, 543, 33, 966, 592, 339, 375, 405, 176, 808
856, 742, 978, 947, 906, 172, 103, 151, 378, 423
105, 734, 16, 835, 802, 907, 980, 45, 14, 869
7, 461, 764, 769, 143, 460, 159, 265, 314, 309
877, 185, 449, 755, 143, 950, 165, 994, 951, 961
242, 246, 749, 230, 260, 565, 903, 385, 222, 741
761, 957, 587, 78, 6, 579, 677, 374, 521, 634
556, 662, 813, 742, 244, 402, 597, 922, 534, 910
616, 310, 800, 734, 954, 785, 849, 549, 937, 24
250, 136, 3, 607, 653, 362, 631, 539, 652, 235
314, 999, 471, 477, 933, 301, 807, 811, 824, 584
999, 583, 109, 793, 705, 448, 9, 334, 40, 641
786, 440, 892, 473, 879, 819, 869, 568, 438, 297
58, 13, 216, 818, 502, 195, 411, 645, 234, 602
722, 483, 500, 251, 922, 562, 693, 977, 363, 27
893, 758, 888, 341, 432, 621, 940, 349, 289, 78
107, 374, 873, 151, 552, 1, 204, 505, 331, 171
578, 998, 489, 561, 232, 262, 25, 95, 499, 969
493, 496, 324, 284, 282, 234, 517, 110, 815, 450
265, 904, 817, 164, 812, 519, 117, 997, 782, 531
103, 342, 30, 839, 867, 130, 911, 812, 517, 945
251, 605, 986, 685, 145, 423, 710, 61, 861, 299
712, 209, 17, 611, 528, 415, 334, 425, 800, 308
886, 51, 235, 844, 701, 549, 113, 321, 342, 202
228, 166, 609, 562, 275, 774, 179, 472, 340, 111
526, 306, 402, 661, 315, 82, 303, 829, 88, 784
334, 265, 514, 302, 713, 39, 292, 738, 53, 941
352, 539, 898, 638, 329, 195, 230, 409, 650, 475
174, 811, 707, 828, 878, 6, 404, 96, 858, 864
721, 404, 709, 669, 774, 847, 894, 782, 301, 119
225, 635, 855, 422, 827, 452, 583, 909, 389, 902
109, 976, 108, 70, 403, 821, 52, 698, 119, 539
805, 280, 45, 752, 122, 548, 870, 591, 454, 169
515, 291, 6, 800, 101, 222, 342, 680, 734, 939
618, 763, 96, 490, 27, 415, 425, 779, 647, 100
998, 90, 79, 387, 646, 851, 323, 934, 156, 377
317, 774, 989, 118, 895, 610, 835, 636, 414, 718
767, 368, 833, 121, 758, 834, 885, 262, 483, 744
626, 917, 65, 263, 226, 758, 910, 280, 768, 426
836, 576, 434, 31, 168, 64, 125, 607, 906, 821
798, 508, 449, 445, 398, 198, 392, 817, 218, 517
289, 789, 756, 377, 713, 327, 728, 346, 211, 741
639, 727, 980, 943, 62, 853, 968, 7, 861, 811
578, 766, 545, 44, 866, 814, 66, 448, 101, 273
622, 65, 870, 155, 446, 896, 377, 253, 231, 755
239, 686, 11, 436, 56, 102, 585, 384, 608, 309
68, 358, 46, 281, 710, 684, 513, 110, 963, 305
866, 861, 422, 435, 783, 657, 812, 725, 25, 105
547, 664, 710, 137, 969, 754, 110, 409, 813, 389
880, 78, 671, 786, 193, 36, 809, 881, 571, 901
735, 831, 425, 929, 403, 59, 964, 962, 243, 807
733, 123, 292, 975, 27, 302, 992, 766, 290, 702
127, 433, 184, 704, 295, 414, 236, 407, 552, 136
437, 386, 540, 966, 46, 804, 62, 581, 436, 435
140, 103, 776, 683, 450, 352, 410, 956, 906, 185
685, 766, 559, 960, 673, 101, 798, 488, 765, 775
122, 584, 75, 917, 853, 602, 967, 947, 632, 320
478, 376, 433, 535, 171, 493, 706, 426, 239, 108
496, 361, 855, 572, 948, 434, 857, 240, 866, 327
263, 961, 738, 620, 342, 200, 793, 498, 795, 702
157, 390, 261, 945, 794, 201, 696, 661, 599, 772
255, 852, 333, 756, 451, 956, 580, 491, 416, 558
972, 115, 601, 214, 192, 122, 242, 497, 603, 861
165, 412, 776, 701, 29, 963, 451, 446, 248, 199
85, 56, 286, 560, 122, 677, 532, 55, 561, 609
274, 862, 673, 663, 450, 768, 287, 159, 935, 878
463, 147, 268, 122, 436, 593, 585, 985, 717, 361
942, 19, 618, 391, 75, 843, 956, 44, 380, 215
653, 95, 358, 706, 14, 230, 60, 967, 929, 842
185, 636, 317, 663, 358, 432, 41, 828, 450, 416
26, 949, 132, 2, 655, 902, 643, 193, 648, 268
745, 767, 523, 500, 528, 231, 855, 71, 686, 322
690, 187, 985, 599, 582, 518, 96, 233, 241, 751
903, 21, 521, 225, 649, 4, 810, 745, 149, 913
604, 999, 901, 493, 778, 24, 949, 579, 320, 94
802, 340, 409, 393, 648, 767, 544, 120, 926, 949
872, 993, 331, 215, 685, 919, 648, 139, 334, 688
776, 851, 229, 290, 430, 789, 429, 932, 115, 738
278, 59, 667, 821, 397, 188, 932, 515, 719, 568
705, 603, 617, 651, 501, 188, 351, 775, 854, 77
911, 768, 508, 470, 456, 870, 606, 506, 214, 213
881, 121, 452, 435, 801, 795, 403, 225, 996, 444
278, 170, 402, 25, 959, 455, 985, 581, 643, 783
693, 167, 540, 403, 262, 116, 711, 510, 760, 60
489, 900, 872, 983, 72, 398, 847, 116, 371, 91
564, 936, 947, 994, 75, 59, 693, 84, 375, 932
528, 980, 417, 886, 230, 606, 839, 521, 490, 879
125, 905, 217, 376, 78, 810, 407, 306, 577, 224
107, 674, 274, 745, 154, 309, 355, 135, 250, 508
900, 326, 49, 985, 430, 360, 974, 565, 561, 894
143, 767, 432, 572, 54, 91, 469, 37, 167, 50
641, 517, 230, 274, 943, 271, 692, 873, 27, 718
603, 385, 964, 261, 978, 824, 545, 828, 855, 248
474, 111, 224, 935, 760, 424, 232, 408, 274, 750
795, 394, 292, 170, 695, 653, 909, 765, 246, 797
836, 139, 235, 193, 287, 928, 722, 87, 374, 478
588, 401, 190, 446, 348, 311, 150, 844, 742, 175
766, 929, 907, 268, 634, 230, 464, 683, 260, 286
280, 720, 148, 934, 466, 500, 381, 875, 877, 134
708, 620, 415, 367, 216, 504, 379, 683, 174, 624
613, 417, 106, 8, 589, 947, 228, 311, 937, 652
556, 712, 203, 516, 288, 140, 938, 714, 702, 31
625, 223, 566, 486, 510, 449, 382, 177, 713, 402
742, 930, 900, 274, 347, 377, 364, 862, 631, 700
438, 317, 550, 794, 405, 284, 913, 58, 982, 970
17, 694, 160, 592, 914, 380, 68, 137, 221, 693
93, 96, 130, 303, 675, 632, 343, 853, 977, 68
849, 520, 476, 970, 837, 409, 712, 833, 487, 286
159, 212, 981, 675, 21, 664, 984, 906, 883, 860
889, 536, 124, 903, 203, 325, 620, 255, 634, 18
323, 937, 549, 892, 882, 601, 518, 2, 709, 675
332, 859, 196, 787, 876, 655, 39, 978, 407, 512
426, 87, 424, 697, 729, 310, 206, 36, 202, 69
710, 958, 344, 788, 504, 818, 746, 615, 786, 251
953, 53, 200, 865, 318, 669, 314, 696, 89, 159
45, 444, 518, 764, 130, 811, 254, 29, 639, 20
868, 677, 746, 850, 344, 543, 787, 31, 791, 80
796, 895, 12, 152, 861, 209, 205, 720, 223, 586
187, 903, 617, 212, 609, 350, 29, 723, 65, 795
231, 416, 913, 828, 64, 176, 777, 325, 765, 408
268, 936, 983, 300, 198, 114, 366, 709, 282, 409
664, 18, 672, 3, 446, 222, 425, 59, 405, 46
436, 965, 984, 580, 462, 233, 835, 3, 411, 268
161, 464, 769, 586, 340, 642, 910, 301, 145, 257
147, 27, 993, 104, 904, 754, 98, 169, 802, 557
947, 656, 195, 290, 413, 109, 538, 204, 135, 975
133, 4, 987, 561, 373, 892, 344, 153, 887, 870
627, 181, 579, 401, 232, 428, 294, 96, 163, 939
441, 101, 690, 774, 868, 380, 263, 515, 140, 841
886, 180, 743, 13, 823, 814, 166, 473, 893, 551
829, 970, 651, 473, 159, 256, 408, 431, 370, 384
416, 602, 671, 187, 980, 209, 454, 623, 407, 817
123, 879, 954, 754, 996, 573, 61, 297, 331, 360
59, 119, 854, 73, 714, 63, 234, 290, 379, 121
879, 386, 377, 529, 416, 649, 52, 309, 6, 719
469, 906, 813, 622, 245, 282, 589, 975, 179, 717
964, 294, 931, 468, 249, 906, 630, 102, 615, 638
449, 379, 415, 399, 336, 502, 396, 915, 378, 783
80, 256, 493, 143, 923, 157, 385, 990, 793, 25
429, 228, 603, 663, 301, 343, 419, 237, 169, 873
439, 934, 408, 324, 303, 650, 662, 444, 570, 156
167, 754, 429, 753, 983, 897, 18, 62, 19, 787
565, 801, 377, 988, 80, 523, 197, 626, 284, 389
953, 749, 809, 274, 681, 610, 142, 982, 923, 439
297, 79, 466, 240, 621, 226, 645, 238, 780, 405
726, 812, 614, 512, 227, 174, 947, 553, 457, 39
351, 366, 272, 347, 417, 267, 321, 222, 754, 849
887, 945, 675, 514, 222, 794, 318, 400, 300, 160
672, 417, 56, 987, 984, 205, 980, 689, 136, 135
731, 496, 313, 558, 771, 160, 655, 123, 112, 973
851, 75, 648, 460, 208, 540, 52, 117, 762, 398
104, 723, 449, 243, 24, 78, 650, 926, 752, 267
290, 124, 8, 340, 7, 967, 946, 445, 664, 998
330, 929, 931, 586, 922, 993, 857, 182, 124, 887
191, 966, 549, 779, 863, 309, 662, 754, 194, 918
159, 716, 122, 974, 880, 726, 50, 783, 105, 199
164, 906, 245, 466, 733, 34, 901, 987, 518, 8
607, 918, 384, 521, 114, 50, 446, 540, 102, 563
740, 557, 771, 975, 721, 300, 597, 209, 234, 114
220, 753, 340, 760, 517, 6, 770, 235, 838, 228
95, 982, 94, 42, 247, 519, 789, 17, 595, 884
753, 268, 111, 813, 675, 341, 192, 59, 633, 235
530, 161, 252, 560, 202, 93, 327, 208, 251, 176
958, 852, 101, 228, 453, 157, 652, 479, 809, 564
96, 590, 781, 62, 443, 752, 682, 103, 196, 479
730, 566, 42, 614, 132, 575, 446, 242, 252, 740
459, 785, 871, 186, 794, 529, 816, 58, 895, 465
894, 863, 594, 581, 376, 569, 453, 182, 316, 750
688, 683, 340, 895, 437, 325, 674, 89, 152, 264
242, 98, 808, 910, 11, 288, 377, 617, 503, 500
341, 8, 336, 54, 364, 113, 835, 98, 352, 95
40, 15, 507, 391, 545, 619, 291, 99, 302, 633
467, 136, 862, 771, 835, 635, 36, 88, 353, 316
927, 941, 603, 24, 980, 91, 751, 413, 153, 522
430, 408, 348, 235, 411, 451, 27, 954, 269, 656
634, 737, 619, 178, 780, 340, 372, 288, 186, 334
342, 285, 961, 678, 726, 760, 127, 796, 91, 615
692, 326, 725, 93, 328, 947, 153, 427, 41, 312
737, 946, 283, 57, 175, 312, 151, 374, 919, 961
549, 486, 59, 660, 331, 569, 869, 357, 881, 360
980, 277, 825, 86, 912, 585, 36, 669, 623, 784
807, 630, 18, 68, 605, 774, 905, 577, 186, 226
630, 540, 794, 440, 881, 908, 65, 294, 492, 478
338, 93, 476, 507, 717, 399, 592, 438, 331, 468
238, 831, 710, 556, 792, 476, 117, 11, 824, 533
358, 417, 834, 467, 898, 203, 389, 579, 18, 245
874, 725, 892, 400, 254, 881, 178, 174, 634, 492
208, 481, 163, 371, 544, 554, 67, 661, 467, 215
448, 843, 565, 770, 915, 883, 193, 49, 161, 61
271, 850, 49, 917, 952, 514, 270, 191, 140, 144
450, 581, 3, 102, 119, 178, 147, 89, 938, 979
967, 527, 391, 622, 414, 941, 404, 848, 824, 766
658, 426, 302, 119, 436, 733, 689, 295, 801, 441
849, 96, 899, 665, 211, 353, 996, 381, 596, 246
558, 122, 140, 62, 818, 91, 672, 4, 927, 566
379, 676, 698, 531, 744, 381, 279, 757, 854, 476
78, 187, 540, 805, 733, 191, 227, 739, 413, 43
946, 520, 860, 508, 377, 877, 130, 466, 190, 411
334, 981, 874, 201, 748, 369, 525, 710, 635, 564
840, 782, 258, 534, 260, 828, 237, 65, 280, 802
973, 51, 824, 99, 360, 514, 515, 691, 792, 137
155, 917, 548, 790, 460, 579, 967, 159, 497, 634
863, 794, 893, 635, 388, 51, 367, 309, 995, 855
262, 3, 622, 649, 891, 771, 868, 826, 641, 821
317, 452, 512, 634, 902, 341, 797, 493, 901, 920
372, 549, 462, 523, 273, 551, 415, 930, 361, 711
644, 76, 844, 336, 784, 591, 700, 982, 202, 955
633, 641, 964, 125, 742, 689, 231, 368, 856, 479
108, 47, 757, 444, 281, 895, 501, 270, 877, 119
912, 254, 201, 766, 962, 163, 789, 282, 369, 73
115, 614, 311, 197, 650, 524, 850, 777, 711, 510
793, 7, 987, 322, 138, 641, 737, 110, 678, 69
421, 877, 544, 576, 888, 739, 217, 508, 42, 147
703, 742, 491, 542, 618, 554, 140, 399, 593, 252
491, 554, 670, 820, 677, 618, 256, 996, 760, 929
271, 181, 215, 800, 714, 891, 937, 393, 398, 269
559, 2, 379, 531, 549, 199, 579, 277, 491, 525
921, 503, 724, 586, 525, 308, 684, 920, 667, 233
161, 225, 900, 948, 421, 577, 512, 960, 552, 904
756, 571, 953, 186, 348, 652, 842, 445, 861, 450
348, 526, 693, 25, 627, 995, 232, 839, 795, 929
554, 749, 645, 473, 779, 138, 802, 399, 261, 411
748, 900, 762, 312, 881, 940, 374, 183, 654, 621
120, 651, 272, 595, 578, 207, 502, 868, 382, 246
882, 793, 806, 283, 827, 235, 303, 798, 742, 755
517, 252, 381, 218, 743, 290, 98, 614, 355, 765
144, 61, 698, 54, 276, 558, 751, 194, 936, 706
987, 122, 457, 697, 34, 333, 106, 234, 202, 730
27, 929, 453, 724, 153, 556, 444, 346, 70, 465
822, 307, 459, 975, 945, 386, 539, 244, 948, 391
835, 524, 886, 456, 673, 898, 905, 135, 290, 583
729, 774, 756, 891, 621, 530, 327, 480, 42, 340
547, 390, 741, 172, 660, 39, 49, 787, 733, 243
572, 609, 137, 514, 118, 386, 702, 948, 385, 100
62, 375, 356, 276, 896, 341, 706, 39, 595, 737
300, 97, 82, 676, 400, 417, 637, 193, 439, 691
18, 640, 16, 115, 965, 758, 408, 743, 961, 703
703, 153, 556, 558, 948, 873, 592, 800, 786, 902
708, 470, 434, 402, 878, 128, 850, 86, 498, 372
19, 778, 647, 553, 714, 748, 710, 313, 460, 977
801, 732, 40, 557, 527, 757, 213, 791, 833, 77
162, 859, 362, 784, 916, 665, 706, 829, 6, 699
565, 59, 96, 744, 201, 498, 703, 705, 507, 701
698, 584, 675, 224, 981, 273, 915, 80, 633, 219
717, 34, 831, 964, 875, 47, 712, 328, 181, 524
701, 820, 712, 471, 929, 745, 460, 505, 196, 310
168, 764, 66, 944, 78, 828, 780, 353, 387, 577
722, 51, 548, 694, 67, 654, 366, 462, 6, 947
355, 660, 964, 102, 70, 867, 862, 322, 988, 863
600, 492, 233, 254, 840, 497, 72, 303, 777, 224
796, 201, 61, 962, 629, 146, 285, 118, 753, 490
229, 133, 234, 682, 273, 965, 132, 595, 894, 427
846, 137, 949, 994, 639, 608, 822, 58, 244, 999
713, 386, 341, 802, 86, 97, 275, 17, 243, 663
190, 163, 361, 311, 554, 679, 877, 38, 428, 771
308, 370, 636, 976, 419, 725, 695, 376, 588, 322
200, 406, 376, 288, 6, 407, 800, 190, 329, 271
218, 241, 433, 875, 170, 66, 671, 600, 920, 834
36, 836, 834, 14, 174, 139, 471, 163, 434, 719
535, 228, 463, 811, 698, 701, 142, 737, 173, 589
880, 47, 375, 992, 268, 56, 804, 598, 36, 62
565, 875, 625, 733, 734, 222, 202, 818, 675, 798
22, 402, 577, 181, 978, 949, 204, 681, 123, 236
837, 480, 33, 947, 485, 416, 520, 640, 743, 587
549, 850, 654, 975, 571, 992, 62, 264, 526, 173
205, 498, 499, 985, 385, 599, 974, 282, 755, 525
340, 886, 44, 272, 512, 804, 265, 531, 548, 7
521, 116, 632, 718, 414, 491, 484, 633, 828, 83
276, 98, 442, 561, 352, 294, 367, 801, 207, 270
827, 421, 851, 412, 392, 331, 682, 471, 689, 723
323, 16, 290, 859, 48, 370, 200, 668, 480, 410
605, 295, 491, 302, 217, 243, 328, 489, 446, 544
538, 896, 584, 8, 16, 226, 370, 77, 301, 794
986, 988, 124, 748, 533, 245, 703, 761, 448, 565
992, 43, 493, 709, 28, 585, 139, 87, 902, 433
923, 273, 782, 456, 53, 463, 498, 890, 889, 221
18, 321, 556, 246, 524, 935, 804, 46, 241, 55
687, 915, 745, 283, 861, 846, 958, 713, 90, 951
53, 211, 226, 884, 87, 926, 329, 954, 425, 848
451, 350, 422, 955, 227, 192, 966, 648, 362, 36
446, 881, 249, 248, 754, 22, 57, 585, 629, 660
646, 880, 55, 784, 759, 378, 132, 835, 402, 261
871, 379, 789, 642, 764, 701, 399, 30, 276, 787
559, 584, 353, 314, 210, 461, 412, 863, 756, 108
62, 165, 970, 671, 792, 186, 767, 727, 332, 144
464, 733, 575, 369, 357, 595, 821, 417, 791, 672
566, 792, 941, 925, 79, 685, 985, 797, 68, 370
176, 315, 343, 510, 538, 520, 179, 249, 842, 243
910, 591, 351, 168, 225, 26, 666, 699, 776, 737
174, 938, 6, 94, 631, 836, 548, 618, 19, 78
650, 349, 639, 708, 407, 151, 324, 154, 450, 35
166, 606, 116, 459, 749, 761, 119, 484, 596, 884
261, 215, 733, 808, 719, 196, 168, 248, 523, 277
739, 863, 229, 30, 853, 140, 184, 139, 379, 729
197, 140, 597, 326, 108, 651, 738, 491, 951, 788
106, 471, 919, 864, 896, 725, 664, 490, 253, 902
345, 781, 210, 924, 752, 365, 435, 366, 300, 709
902, 665, 787, 800, 325, 742, 727, 96, 426, 186
583, 319, 309, 842, 683, 126, 908, 717, 57, 389
386, 885, 866, 896, 413, 766, 477, 577, 462, 123
42, 307, 514, 542, 40, 3, 793, 493, 943, 225
114, 647, 85, 791, 231, 845, 265, 533, 768, 925
299, 779, 706, 74, 648, 70, 6, 115, 117, 904
290, 564, 180, 263, 715, 757, 675, 386, 684, 851
665, 919, 744, 866, 738, 968, 283, 980, 488, 940
32, 69, 192, 298, 143, 871, 820, 500, 229, 30
54, 370, 501, 908, 921, 235, 337, 386, 10, 846
262, 411, 108, 737, 123, 859, 369, 612, 42, 339
796, 300, 175, 604, 378, 674, 310, 884, 574, 652
368, 499, 835, 26, 445, 348, 298, 154, 149, 199
206, 865, 657, 900, 547, 834, 787, 175, 517, 930
705, 699, 397, 200, 251, 129, 670, 688, 952, 196
369, 434, 227, 798, 502, 27, 43, 210, 482, 501
660, 165, 641, 973, 918, 628, 61, 905, 709, 722
238, 245, 321, 5, 458, 908, 372, 304, 22, 62
